1936.55844    1228.63567    1127.02099    136.23
Comment line
1929.20910    1226.98871    1125.97313    13    C
1935.85590    1222.67766    1121.80384    13    C
1928.89130    1221.20643    1119.50458    13    C
1911.05500    1227.55856    1118.84796    13    C
1926.66350    1226.18046    1121.82067    13    C
1935.45920    1225.01889    1123.79430    13    C
1915.87640    1221.12368    1125.75989    13    C
1912.26360    1217.63188    1123.33119    13    C
1929.98960    1211.19930    1110.61206    13    C
1924.63160    1209.41975    1106.97962    13    C
